0,4
1,1
2,1
3,1
4,1
5,1
6,1
7,1
8,1
9,1
10,1
11,1
12,1
13,1
14,1
15,1
16,4
17,4
18,4
19,4
20,4
21,4
22,4
23,4
24,4
25,4
26,4
27,4
28,4
29,4
30,4
31,4
32,4
33,4
34,4
35,4
36,4
37,4
38,4
39,4
40,4
41,4
42,4
43,4
44,4
45,4
46,4
47,4
48,4
49,4
50,4
51,4
52,4
53,4
54,4
55,4
56,4
57,4
58,4
59,4
60,4
61,4
62,4
63,4
64,4
65,4
66,4
67,4
68,4
69,4
70,4
71,4
72,4
73,4
74,4
75,4
76,4
77,4
78,4
79,4
80,4
81,4
82,4
83,4
84,4
85,4
86,4
87,4
88,4
89,4
90,4
91,4
92,4
93,4
94,4
95,4
96,4
97,4
98,4
99,4
100,4
101,4
102,4
103,4
104,4
105,4
106,4
107,4
108,4
109,4
110,4
111,4
112,1
113,1
114,1
115,1
116,1
117,1
118,1
119,1
120,4
121,4
122,4
123,4
124,4
125,4
126,4
127,4
128,4
129,4
130,4
131,4
132,4
133,4
134,4
135,4
136,4
137,4
138,4
139,4
140,4
141,4
142,4
143,4
144,4
145,4
146,4
147,4
148,4
149,4
150,4
151,4
152,4
153,4
154,4
155,4
156,4
157,4
158,4
159,4
160,4
161,4
162,4
163,4
164,4
165,4
166,4
167,4
168,4
169,4
170,4
171,4
172,4
173,4
174,4
175,4
176,4
177,4
178,4
179,4
180,4
181,4
182,4
183,4
184,4
185,4
186,4
187,4
188,4
189,4
190,4
191,4
192,4
193,4
194,4
195,4
196,4
197,4
198,4
199,4
200,4
201,4
202,4
203,4
204,4
205,4
206,4
207,4
208,4
209,4
210,4
211,4
212,4
213,4
214,4
215,4
216,4
217,4
218,4
219,4
220,4
221,4
222,4
223,4
224,4
225,4
226,4
227,4
228,4
229,4
230,4
231,4
232,4
233,4
234,4
235,4
236,4
237,4
238,4
239,4
240,4
241,4
242,4
243,4
244,4
245,4
246,4
247,4
248,4
249,4
250,4
251,4
252,4
253,4
254,4
255,4
256,4
257,4
258,4
259,4
260,4
261,4
262,1
263,4
264,4
265,4
266,4
267,4
268,4
269,4
270,4
271,4
272,4
273,4
274,4
275,4
276,4
277,4
278,4
279,4
280,4
281,4
282,4
283,4
284,4
285,4
286,4
287,4
288,4
289,4
290,4
291,4
292,4
293,4
294,4
295,4
296,1
297,4
298,1
299,1
300,1
301,1
302,1
303,1
304,1
305,1
306,1
307,1
308,1
309,1
310,1
311,1
312,1
313,1
314,1
315,1
316,4
317,1
318,4
319,1
320,1
321,1
322,1
323,1
324,1
325,1
326,1
327,1
328,4
329,4
330,4
331,4
332,4
333,4
334,4
335,4
336,1
337,1
338,4
339,4
340,4
341,4
342,4
343,1
344,1
345,1
346,4
347,4
348,1
349,1
350,1
351,1
352,4
353,4
354,4
355,4
356,4
357,4
358,4
359,4
360,4
361,4
362,4
363,4
364,4
365,4
366,4
367,4
368,4
369,4
370,4
371,4
372,4
373,4
374,4
375,4
376,1
377,1
378,1
379,1
380,1
381,1
382,1
383,1
384,1
385,1
386,1
387,1
388,1
389,1
390,1
391,1
392,1
393,1
394,1
395,1
396,1
397,1
398,1
399,1
400,1
401,4
402,4
403,4
404,4
405,4
406,4
407,4
408,4
409,4
410,1
411,1
412,1
413,1
414,1
415,1
416,1
417,1
418,1
419,1
420,1
421,1
422,1
423,1
424,1
425,1
426,1
427,1
428,1
429,1
430,1
431,1
432,1
433,1
434,1
435,1
436,1
437,1
438,1
439,1
440,1
441,1
442,1
443,1
444,1
445,1
446,4
447,1
448,1
449,1
450,1
451,1
452,1
453,1
454,1
455,1
456,1
457,1
458,1
459,1
460,1
461,1
462,1
463,1
464,1
465,1
466,1
467,1
468,1
469,1
470,1
471,1
472,1
473,1
474,1
475,1
476,1
477,1
478,1
479,1
480,1
481,1
482,1
483,1
484,1
485,4
486,4
487,4
488,4
489,4
490,4
491,4
492,4
493,4
494,4
495,4
496,4
497,4
498,4
499,4
500,4
501,1
502,1
503,1
504,4
505,1
506,1
507,1
508,1
509,1
510,1
511,1
512,1
513,1
514,1
515,1
516,1
517,1
518,1
519,1
520,1
521,4
522,1
523,1
524,1
525,4
526,4
527,4
528,4
529,4
530,4
531,4
532,4
533,4
534,4
535,4
536,1
537,1
538,1
539,1
540,1
541,1
542,1
543,1
544,1
545,1
546,1
547,1
548,1
549,1
550,1
551,1
552,1
553,1
554,1
555,1
556,1
557,1
558,1
559,1
560,4
561,1
562,1
563,1
564,1
565,1
566,1
567,1
568,1
569,1
570,1
571,1
572,1
573,1
574,1
575,1
576,1
577,1
578,1
579,1
580,1
581,1
582,1
583,1
584,1
585,1
586,1
587,1
588,1
589,1
590,1
591,1
592,1
593,4
594,4
595,1
596,1
597,1
598,1
599,4
600,1
601,1
602,1
603,1
604,1
605,1
606,1
607,1
608,1
609,1
610,1
611,1
612,1
613,1
614,1
615,1
616,1
617,1
618,1
619,1
620,1
621,1
622,1
623,1
624,1
625,1
626,1
627,1
628,1
629,1
630,1
631,1
632,1
633,4
634,1
635,1
636,1
637,1
638,1
639,1
640,1
641,1
642,1
643,1
644,1
645,1
646,1
647,1
648,1
649,1
650,1
651,1
652,1
653,4
654,1
655,4
656,1
657,1
658,1
659,1
660,1
661,1
662,1
663,1
664,1
665,1
666,1
667,1
668,1
669,1
670,1
671,1
672,4
673,4
674,4
675,4
676,4
677,4
678,4
679,4
680,4
681,4
682,4
683,4
684,4
685,4
686,4
687,4
688,4
689,4
690,4
691,4
692,4
693,4
694,4
695,4
696,4
697,4
698,4
699,4
700,4
701,4
702,4
703,4
704,4
705,4
706,4
707,4
708,4
709,4
710,4
711,4
712,4
713,4
714,4
715,4
716,4
717,4
718,4
719,4
720,4
721,4
722,4
723,4
724,4
725,4
726,4
727,4
728,4
729,4
730,4
731,4
732,4
733,4
734,4
735,4
736,4
737,4
738,4
739,4
740,4
741,4
742,4
743,4
744,4
745,4
746,4
747,4
748,4
749,4
750,4
751,4
752,4
753,4
754,4
755,4
756,4
757,4
758,4
759,4
760,4
761,4
762,4
763,4
764,4
765,4
766,4
767,4
768,4
769,4
770,4
771,4
772,4
773,4
774,4
775,4
776,4
777,4
778,4
779,4
780,4
781,4
782,4
783,4
784,4
785,4
786,4
787,4
788,4
789,4
790,4
791,4
792,4
793,4
794,4
795,4
796,4
797,4
798,4
799,4
800,4
801,4
802,4
803,4
804,4
805,4
806,4
807,4
808,4
809,4
810,4
811,4
812,4
813,4
814,4
815,4
816,4
817,4
818,4
819,4
820,4
821,4
822,4
823,4
824,4
825,4
826,4
827,4
828,4
829,4
830,4
831,4
832,4
833,4
834,4
835,4
836,4
837,4
838,4
839,4
840,4
841,4
842,4
843,4
844,4
845,4
846,4
847,4
848,4
849,4
850,4
851,4
852,4
853,4
854,4
855,4
856,4
857,4
858,4
859,4
860,4
861,4
862,4
863,4
864,1
865,1
866,1
867,1
868,1
869,1
870,1
871,1
872,1
873,1
874,1
875,1
876,1
877,1
878,1
879,1
880,1
881,1
882,1
883,1
884,1
885,1
886,1
887,1
888,1
889,1
890,1
891,1
892,1
893,1
894,1
895,1
896,1
897,1
898,1
899,1
900,1
901,1
902,1
903,1
904,1
905,1
906,1
907,1
908,1
909,1
910,1
911,1
912,4
913,4
914,4
915,4
916,4
917,4
918,4
919,4
920,4
921,4
922,4
923,4
924,4
925,4
926,4
927,4
928,4
929,4
930,4
931,4
932,4
933,4
934,4
935,4
936,4
937,4
938,4
939,4
940,4
941,4
942,4
943,4
944,4
945,4
946,4
947,4
948,4
949,4
950,4
951,4
952,4
953,4
954,4
955,4
956,4
957,4
958,4
959,4
960,4
961,4
962,4
963,4
964,4
965,4
966,4
967,4
968,4
969,4
970,4
971,4
972,4
973,4
974,4
975,4
976,4
977,4
978,4
979,4
980,4
981,4
982,4
983,4
984,4
985,4
986,4
987,4
988,4
989,4
990,4
991,4
992,4
993,4
994,4
995,4
996,4
997,4
998,4
999,4
1000,4
1001,4
1002,4
1003,4
1004,4
1005,4
1006,4
1007,4
1008,4
1009,4
1010,4
1011,4
1012,4
1013,4
1014,4
1015,4
1016,4
1017,4
1018,4
1019,4
1020,4
1021,4
1022,4
1023,4
1024,4
1025,4
1026,4
1027,4
1028,4
1029,4
1030,4
1031,4
1032,4
1033,4
1034,4
1035,4
1036,4
1037,4
1038,4
1039,4
1040,4
1041,4
1042,4
1043,4
1044,4
1045,4
1046,4
1047,4
1048,4
1049,4
1050,4
1051,4
1052,4
1053,4
1054,4
1055,4
1056,4
1057,4
1058,4
1059,4
1060,4
1061,4
1062,4
1063,4
1064,4
1065,4
1066,4
1067,4
1068,4
1069,4
1070,4
1071,4
1072,4
1073,4
1074,4
1075,4
1076,4
1077,4
1078,4
1079,4
1080,4
1081,4
1082,4
1083,4
1084,4
1085,4
1086,4
1087,4
1088,4
1089,4
1090,4
1091,4
1092,4
1093,4
1094,4
1095,4
1096,4
1097,4
1098,4
1099,4
1100,4
1101,4
1102,4
1103,4
1104,4
1105,4
1106,4
1107,4
1108,4
1109,4
1110,4
1111,4
1112,4
1113,4
1114,4
1115,4
1116,4
1117,4
1118,4
1119,4
1120,4
1121,4
1122,4
1123,4
1124,4
1125,4
1126,4
1127,4
1128,4
1129,4
1130,4
1131,4
1132,4
1133,4
1134,4
1135,4
1136,4
1137,4
1138,4
1139,4
1140,4
1141,4
1142,4
1143,4
1144,4
1145,4
1146,4
1147,4
1148,4
1149,4
1150,4
1151,4
1152,4
1153,4
1154,4
1155,4
1156,4
1157,4
1158,4
1159,4
1160,4
1161,4
1162,4
1163,4
1164,4
1165,4
1166,4
1167,4
1168,4
1169,4
1170,4
1171,4
1172,4
1173,4
1174,4
1175,4
1176,4
1177,4
1178,4
1179,4
1180,4
1181,4
1182,4
1183,4
1184,4
1185,4
1186,4
1187,4
1188,4
1189,4
1190,4
1191,4
1192,4
1193,4
1194,4
1195,4
1196,4
1197,4
1198,4
1199,4
1200,4
1201,4
1202,4
1203,4
1204,4
1205,4
1206,4
1207,4
1208,4
1209,4
1210,4
1211,4
1212,4
1213,4
1214,4
1215,4
1216,4
1217,4
1218,4
1219,4
1220,4
1221,4
1222,4
1223,4
1224,4
1225,4
1226,4
1227,4
1228,4
1229,4
1230,4
1231,4
1232,4
1233,4
1234,4
1235,4
1236,4
1237,4
1238,4
1239,4
1240,4
1241,4
1242,4
1243,4
1244,4
1245,4
1246,4
1247,4
1248,4
1249,4
1250,4
1251,4
1252,4
1253,4
1254,4
1255,4
1256,4
1257,4
1258,4
1259,4
1260,4
1261,4
1262,4
1263,4
1264,4
1265,4
1266,4
1267,4
1268,4
1269,4
1270,4
1271,4
1272,4
1273,4
1274,4
1275,4
1276,4
1277,4
1278,4
1279,4
1280,4
1281,4
1282,4
1283,4
1284,4
1285,4
1286,4
1287,4
1288,4
1289,4
1290,4
1291,4
1292,4
1293,4
1294,4
1295,4
1296,4
1297,4
1298,4
1299,4
1300,4
1301,4
1302,4
1303,4
1304,4
1305,4
1306,4
1307,4
1308,4
1309,4
1310,4
1311,4
1312,4
1313,4
1314,4
1315,4
1316,4
1317,4
1318,4
1319,4
1320,4
1321,4
1322,4
1323,4
1324,4
1325,4
1326,4
1327,4
1328,4
1329,4
1330,4
1331,4
1332,4
1333,4
1334,4
1335,4
1336,4
1337,4
1338,4
1339,4
1340,4
1341,4
1342,4
1343,4
1344,1
1345,1
1346,1
1347,1
1348,1
1349,1
1350,1
1351,1
1352,4
1353,4
1354,4
1355,4
1356,4
1357,4
1358,4
1359,4
1360,4
1361,4
1362,4
1363,4
1364,4
1365,4
1366,4
1367,4
1368,4
1369,4
1370,4
1371,4
1372,4
1373,4
1374,4
1375,4
1376,4
1377,4
1378,4
1379,4
1380,4
1381,4
1382,4
1383,4
1384,4
1385,4
1386,4
1387,4
1388,4
1389,4
1390,4
1391,1
1392,4
1393,4
1394,4
1395,4
1396,4
1397,4
1398,4
1399,4
1400,4
1401,4
1402,4
1403,4
1404,4
1405,4
1406,4
1407,4
1408,4
1409,4
1410,4
1411,4
1412,4
1413,4
1414,4
1415,4
1416,4
1417,4
1418,4
1419,4
1420,4
1421,4
1422,4
1423,4
1424,1
1425,1
1426,1
1427,1
1428,1
1429,1
1430,1
1431,1
1432,1
1433,1
1434,1
1435,1
1436,1
1437,1
1438,1
1439,1
1440,4
1441,4
1442,4
1443,4
1444,4
1445,4
1446,4
1447,4
1448,4
1449,4
1450,4
1451,4
1452,4
1453,4
1454,4
1455,4
1456,4
1457,4
1458,4
1459,4
1460,4
1461,4
1462,4
1463,4
1464,4
1465,4
1466,4
1467,4
1468,4
1469,4
1470,4
1471,4
1472,4
1473,4
1474,4
1475,4
1476,4
1477,4
1478,4
1479,4
1480,4
1481,4
1482,4
1483,4
1484,4
1485,4
1486,4
1487,4
1488,4
1489,4
1490,4
1491,4
1492,4
1493,4
1494,4
1495,4
1496,4
1497,4
1498,4
1499,4
1500,4
1501,4
1502,4
1503,4
1504,4
1505,4
1506,4
1507,4
1508,4
1509,4
1510,4
1511,4
1512,4
1513,4
1514,4
1515,4
1516,4
1517,4
1518,4
1519,4
1520,4
1521,4
1522,4
1523,4
1524,4
1525,4
1526,4
1527,4
1528,4
1529,4
1530,4
1531,4
1532,4
1533,4
1534,4
1535,4
1536,4
1537,4
1538,4
1539,4
1540,4
1541,4
1542,4
1543,4
1544,4
1545,4
1546,4
1547,4
1548,4
1549,4
1550,4
1551,4
1552,4
1553,4
1554,4
1555,4
1556,4
1557,4
1558,4
1559,4
1560,4
1561,4
1562,4
1563,4
1564,4
1565,4
1566,4
1567,4
1568,4
1569,4
1570,4
1571,4
1572,4
1573,4
1574,4
1575,4
1576,4
1577,4
1578,4
1579,4
1580,4
1581,4
1582,4
1583,4
1584,4
1585,4
1586,4
1587,4
1588,4
1589,4
1590,4
1591,4
1592,4
1593,4
1594,4
1595,4
1596,4
1597,4
1598,4
1599,4
1600,4
1601,4
1602,4
1603,4
1604,4
1605,4
1606,4
1607,4
1608,4
1609,4
1610,4
1611,4
1612,4
1613,4
1614,4
1615,4
1616,4
1617,4
1618,4
1619,4
1620,4
1621,4
1622,4
1623,4
1624,4
1625,4
1626,4
1627,4
1628,4
1629,4
1630,4
1631,4
1632,4
1633,4
1634,4
1635,4
1636,4
1637,4
1638,4
1639,4
1640,4
1641,4
1642,4
1643,4
1644,4
1645,4
1646,4
1647,4
1648,4
1649,4
1650,4
1651,4
1652,4
1653,4
1654,4
1655,4
1656,4
1657,4
1658,4
1659,4
1660,4
1661,4
1662,4
1663,4
1664,4
1665,4
1666,4
1667,4
1668,4
1669,4
1670,4
1671,4
1672,4
1673,4
1674,4
1675,4
1676,4
1677,4
1678,4
1679,4
1680,4
1681,4
1682,4
1683,4
1684,4
1685,4
1686,4
1687,4
1688,4
1689,4
1690,4
1691,4
1692,4
1693,4
1694,4
1695,4
1696,4
1697,4
1698,4
1699,4
1700,4
1701,4
1702,4
1703,4
1704,4
1705,4
1706,4
1707,4
1708,4
1709,4
1710,4
1711,4
1712,4
1713,4
1714,4
1715,4
1716,4
1717,4
1718,4
1719,4
1720,4
1721,4
1722,4
1723,4
1724,4
1725,4
1726,4
1727,4
1728,4
1729,4
1730,4
1731,4
1732,4
1733,4
1734,4
1735,4
1736,4
1737,4
1738,4
1739,4
1740,4
1741,4
1742,4
1743,4
1744,4
1745,4
1746,4
1747,4
1748,4
1749,4
1750,4
1751,4
1752,4
1753,4
1754,4
1755,4
1756,4
1757,4
1758,4
1759,4
1760,4
1761,4
1762,4
1763,4
1764,4
1765,4
1766,4
1767,4
1768,4
1769,4
1770,4
1771,4
1772,4
1773,4
1774,4
1775,4
1776,4
1777,4
1778,4
1779,4
1780,4
1781,4
1782,4
1783,4
1784,4
1785,4
1786,4
1787,4
1788,4
1789,4
1790,4
1791,4
1792,4
1793,4
1794,4
1795,4
1796,4
1797,4
1798,4
1799,4
1800,4
1801,4
1802,4
1803,4
1804,4
1805,4
1806,4
1807,4
1808,4
1809,4
1810,4
1811,4
1812,4
1813,4
1814,4
1815,4
1816,4
1817,4
1818,4
1819,4
1820,4
1821,4
1822,4
1823,4
1824,4
1825,4
1826,4
1827,4
1828,4
1829,4
1830,4
1831,4
1832,4
1833,4
1834,4
1835,4
1836,4
1837,4
1838,4
1839,4
1840,4
1841,4
1842,4
1843,4
1844,4
1845,4
1846,4
1847,4
1848,4
1849,4
1850,4
1851,4
1852,4
1853,4
1854,4
1855,4
1856,4
1857,4
1858,4
1859,4
1860,4
1861,4
1862,4
1863,4
1864,4
1865,4
1866,4
1867,4
1868,4
1869,4
1870,4
1871,4
1872,4
1873,4
1874,4
1875,4
1876,4
1877,4
1878,4
1879,4
1880,4
1881,4
1882,4
1883,4
1884,4
1885,4
1886,4
1887,4
1888,4
1889,4
1890,4
1891,4
1892,4
1893,4
1894,4
1895,4
1896,4
1897,4
1898,4
1899,4
1900,4
1901,4
1902,4
1903,4
1904,4
1905,4
1906,4
1907,4
1908,4
1909,4
1910,4
1911,4
1912,4
1913,4
1914,4
1915,4
1916,4
1917,4
1918,4
1919,4
1920,4
1921,4
1922,4
1923,4
1924,4
1925,4
1926,4
1927,4
1928,4
1929,4
1930,4
1931,4
1932,4
1933,4
1934,4
1935,4
1936,1
1937,1
1938,1
1939,1
1940,1
1941,1
1942,1
1943,1
1944,1
1945,1
1946,1
1947,1
1948,1
1949,1
1950,1
1951,1
1952,4
1953,4
1954,4
1955,4
1956,4
1957,4
1958,4
1959,4
1960,4
1961,4
1962,4
1963,4
1964,4
1965,4
1966,4
1967,4
1968,4
1969,4
1970,4
1971,4
1972,4
1973,4
1974,4
1975,4
1976,4
1977,4
1978,4
1979,4
1980,4
1981,4
1982,4
1983,4
1984,4
1985,4
1986,4
1987,4
1988,4
1989,4
1990,4
1991,4
1992,4
1993,4
1994,4
1995,4
1996,4
1997,4
1998,4
1999,4
2000,4
2001,4
2002,4
2003,4
2004,4
2005,4
2006,4
2007,4
2008,4
2009,4
2010,4
2011,4
2012,4
2013,4
2014,4
2015,4
2016,4
2017,4
2018,4
2019,4
2020,4
2021,4
2022,4
2023,4
2024,4
2025,4
2026,4
2027,4
2028,4
2029,4
2030,4
2031,4
2032,4
2033,4
2034,4
2035,4
2036,4
2037,4
2038,4
2039,4
2040,4
2041,4
2042,4
2043,4
2044,4
2045,4
2046,4
2047,4
2048,4
2049,4
2050,4
2051,4
2052,4
2053,4
2054,4
2055,4
2056,4
2057,4
2058,4
2059,4
2060,4
2061,4
2062,4
2063,4
2064,4
2065,4
2066,4
2067,4
2068,4
2069,4
2070,4
2071,4
2072,4
2073,4
2074,4
2075,4
2076,4
2077,4
2078,4
2079,4
2080,4
2081,4
2082,4
2083,4
2084,4
2085,4
2086,4
2087,4
2088,4
2089,4
2090,4
2091,4
2092,4
2093,4
2094,4
2095,4
2096,4
2097,4
2098,4
2099,4
2100,4
2101,4
2102,4
2103,4
2104,4
2105,4
2106,4
2107,4
2108,4
2109,4
2110,4
2111,4
2112,4
2113,4
2114,4
2115,4
2116,4
2117,4
2118,4
2119,4
2120,4
2121,4
2122,4
2123,4
2124,4
2125,4
2126,4
2127,4
2128,4
2129,4
2130,4
2131,4
2132,4
2133,4
2134,4
2135,4
2136,4
2137,4
2138,4
2139,4
2140,4
2141,4
2142,4
2143,4
2144,4
2145,4
2146,4
2147,4
2148,4
2149,4
2150,4
2151,4
2152,4
2153,4
2154,4
2155,4
2156,4
2157,4
2158,4
2159,4
2160,4
2161,4
2162,4
2163,4
2164,4
2165,4
2166,4
2167,4
2168,4
2169,4
2170,4
2171,4
2172,4
2173,4
2174,4
2175,4
2176,4
2177,4
2178,4
2179,4
2180,4
2181,4
2182,4
2183,4
2184,4
2185,4
2186,4
2187,4
2188,4
2189,4
2190,4
2191,4
2192,4
2193,4
2194,4
2195,4
2196,4
2197,4
2198,4
2199,4
2200,4
2201,4
2202,4
2203,4
2204,4
2205,4
2206,4
2207,4
2208,4
2209,4
2210,4
2211,4
2212,4
2213,4
2214,4
2215,4
2216,4
2217,4
2218,4
2219,4
2220,4
2221,4
2222,4
2223,4
2224,4
2225,4
2226,4
2227,4
2228,4
2229,4
2230,4
2231,4
2232,4
2233,4
2234,4
2235,4
2236,4
2237,4
2238,4
2239,4
2240,4
2241,4
2242,4
2243,4
2244,4
2245,4
2246,4
2247,4
2248,4
2249,4
2250,4
2251,4
2252,4
2253,4
2254,4
2255,4
2256,4
2257,4
2258,4
2259,4
2260,4
2261,4
2262,4
2263,4
2264,4
2265,4
2266,4
2267,4
2268,4
2269,4
2270,4
2271,4
2272,4
2273,4
2274,4
2275,4
2276,4
2277,4
2278,4
2279,4
2280,4
2281,4
2282,4
2283,4
2284,4
2285,4
2286,4
2287,4
2288,4
2289,4
2290,4
2291,4
2292,4
2293,4
2294,4
2295,4
2296,4
2297,4
2298,4
2299,4
2300,4
2301,4
2302,4
2303,4
2304,4
2305,4
2306,4
2307,4
2308,4
2309,4
2310,4
2311,4
2312,4
2313,4
2314,4
2315,4
2316,4
2317,4
2318,4
2319,4
2320,4
2321,4
2322,4
2323,4
2324,4
2325,4
2326,4
2327,4
2328,4
2329,4
2330,4
2331,4
2332,4
2333,4
2334,4
2335,4
2336,4
2337,4
2338,4
2339,4
2340,4
2341,4
2342,4
2343,4
2344,4
2345,4
2346,4
2347,4
2348,4
2349,4
2350,4
2351,4
2352,4
2353,4
2354,4
2355,4
2356,4
2357,4
2358,4
2359,4
2360,4
2361,4
2362,4
2363,4
2364,4
2365,4
2366,4
2367,4
2368,4
2369,4
2370,4
2371,4
2372,4
2373,4
2374,4
2375,4
2376,4
2377,4
2378,4
2379,4
2380,4
2381,4
2382,4
2383,4
2384,4
2385,4
2386,4
2387,4
2388,4
2389,4
2390,4
2391,4
2392,4
2393,4
2394,4
2395,4
2396,4
2397,4
2398,4
2399,4
2400,4
2401,4
2402,4
2403,4
2404,4
2405,4
2406,4
2407,4
2408,4
2409,4
2410,4
2411,4
2412,4
2413,4
2414,4
2415,4
2416,4
2417,4
2418,4
2419,4
2420,4
2421,4
2422,4
2423,4
2424,4
2425,4
2426,4
2427,4
2428,4
2429,4
2430,4
2431,4
2432,4
2433,4
2434,4
2435,4
2436,4
2437,4
2438,4
2439,4
2440,4
2441,4
2442,4
2443,4
2444,4
2445,4
2446,4
2447,4
2448,4
2449,4
2450,4
2451,4
2452,4
2453,4
2454,4
2455,4
2456,4
2457,4
2458,4
2459,4
2460,4
2461,4
2462,4
2463,4
2464,4
2465,4
2466,4
2467,4
2468,4
2469,4
2470,4
2471,4
2472,4
2473,4
2474,4
2475,4
2476,4
2477,4
2478,4
2479,4
2480,4
2481,4
2482,4
2483,4
2484,4
2485,4
2486,4
2487,4
2488,4
2489,4
2490,4
2491,4
2492,4
2493,4
2494,4
2495,4
2496,4
2497,4
2498,4
2499,4
2500,4
2501,4
2502,4
2503,4
2504,4
2505,4
2506,4
2507,4
2508,4
2509,4
2510,4
2511,4
2512,4
2513,4
2514,4
2515,4
2516,4
2517,4
2518,4
2519,4
2520,4
2521,4
2522,4
2523,4
2524,4
2525,4
2526,4
2527,4
2528,4
2529,4
2530,4
2531,4
2532,4
2533,4
2534,4
2535,4
2536,4
2537,4
2538,4
2539,4
2540,4
2541,4
2542,4
2543,4
2544,4
2545,4
2546,4
2547,4
2548,4
2549,4
2550,4
2551,4
2552,4
2553,4
2554,4
2555,4
2556,4
2557,4
2558,4
2559,4
2560,4
2561,4
2562,4
2563,4
2564,4
2565,4
2566,4
2567,4
2568,4
2569,4
2570,4
2571,4
2572,4
2573,4
2574,4
2575,4
2576,4
2577,4
2578,4
2579,4
2580,4
2581,4
2582,4
2583,4
2584,4
2585,4
2586,4
2587,4
2588,4
2589,4
2590,4
2591,4
2592,4
2593,4
2594,4
2595,4
2596,4
2597,4
2598,4
2599,4
2600,4
2601,4
2602,4
2603,4
2604,4
2605,4
2606,4
2607,4
2608,4
2609,4
2610,4
2611,4
2612,4
2613,4
2614,4
2615,4
2616,4
2617,4
2618,4
2619,4
2620,4
2621,4
2622,4
2623,4
2624,4
2625,4
2626,4
2627,4
2628,4
2629,4
2630,4
2631,4
2632,4
2633,4
2634,4
2635,4
2636,4
2637,4
2638,4
2639,4
2640,4
2641,4
2642,4
2643,4
2644,4
2645,4
2646,4
2647,4
2648,4
2649,4
2650,4
2651,4
2652,4
2653,4
2654,4
2655,4
2656,4
2657,4
2658,4
2659,4
2660,4
2661,4
2662,4
2663,4
2664,4
2665,4
2666,4
2667,4
2668,4
2669,4
2670,4
2671,1
2672,4
2673,4
2674,4
2675,4
2676,4
2677,4
2678,4
2679,4
2680,4
2681,4
2682,4
2683,4
2684,4
2685,4
2686,4
2687,4
2688,4
2689,4
2690,4
2691,4
2692,4
2693,4
2694,4
2695,4
2696,4
2697,4
2698,1
2699,1
2700,1
2701,1
2702,4
2703,4
2704,4
2705,4
2706,4
2707,4
2708,4
2709,4
2710,4
2711,4
2712,4
2713,4
2714,4
2715,4
2716,4
2717,4
2718,4
2719,4
2720,4
2721,4
2722,4
2723,1
2724,4
2725,4
2726,4
2727,4
2728,4
2729,4
2730,4
2731,4
2732,4
2733,4
2734,4
2735,4
2736,4
2737,4
2738,4
2739,4
2740,4
2741,4
2742,4
2743,4
2744,4
2745,4
2746,4
2747,4
2748,4
2749,4
2750,4
2751,4
2752,4
2753,4
2754,4
2755,4
2756,4
2757,4
2758,4
2759,4
2760,4
2761,4
2762,4
2763,4
2764,4
2765,4
2766,4
2767,4
2768,4
2769,4
2770,4
2771,4
2772,4
2773,4
2774,4
2775,4
2776,4
2777,4
2778,4
2779,4
2780,4
2781,4
2782,4
2783,4
2784,4
2785,4
2786,4
2787,4
2788,4
2789,4
2790,4
2791,4
2792,4
2793,4
2794,4
2795,4
2796,4
2797,4
2798,4
2799,4
2800,4
2801,4
2802,4
2803,4
2804,4
2805,4
2806,4
2807,4
2808,4
2809,4
2810,4
2811,4
2812,4
2813,4
2814,4
2815,4
2816,4
2817,4
2818,4
2819,4
2820,4
2821,4
2822,4
2823,4
2824,4
2825,4
2826,4
2827,4
2828,4
2829,4
2830,4
2831,4
2832,4
2833,4
2834,4
2835,4
2836,4
2837,4
2838,4
2839,4
2840,4
2841,4
2842,4
2843,4
2844,4
2845,4
2846,4
2847,4
2848,4
2849,4
2850,4
2851,4
2852,4
2853,4
2854,4
2855,4
2856,4
2857,4
2858,4
2859,4
2860,4
2861,4
2862,4
2863,4
2864,4
2865,4
2866,4
2867,4
2868,4
2869,4
2870,4
2871,4
2872,4
2873,4
2874,4
2875,4
2876,4
2877,4
2878,4
2879,4
2880,4
2881,4
2882,4
2883,4
2884,4
2885,4
2886,4
2887,4
2888,4
2889,4
2890,4
2891,4
2892,4
2893,4
2894,4
2895,4
2896,4
2897,4
2898,4
2899,4
2900,4
2901,4
2902,4
2903,4
2904,4
2905,4
2906,4
2907,4
2908,4
2909,4
2910,4
2911,4
2912,4
2913,4
2914,4
2915,4
2916,4
2917,4
2918,4
2919,4
2920,4
2921,4
2922,4
2923,4
2924,4
2925,4
2926,4
2927,4
2928,4
2929,4
2930,4
2931,4
2932,4
2933,4
2934,4
2935,4
2936,4
2937,4
2938,4
2939,4
2940,4
2941,4
2942,4
2943,4
2944,4
2945,4
2946,4
2947,4
2948,4
2949,4
2950,4
2951,4
2952,4
2953,4
2954,4
2955,4
2956,4
2957,4
2958,4
2959,4
2960,4
2961,4
2962,4
2963,4
2964,4
2965,4
2966,4
2967,4
2968,4
2969,4
2970,4
2971,4
2972,4
2973,4
2974,4
2975,4
2976,4
2977,4
2978,4
2979,4
2980,4
2981,4
2982,4
2983,4
2984,4
2985,4
2986,4
2987,4
2988,4
2989,4
2990,4
2991,4
2992,4
2993,4
2994,4
2995,4
2996,4
2997,4
2998,4
2999,4
3000,4
3001,4
3002,4
3003,4
3004,4
3005,4
3006,4
3007,4
3008,4
3009,4
3010,4
3011,4
3012,4
3013,4
3014,4
3015,4
3016,4
3017,4
3018,4
3019,4
3020,4
3021,4
3022,4
3023,4
3024,4
3025,4
3026,4
3027,4
3028,4
3029,4
3030,4
3031,4
3032,4
3033,4
3034,4
3035,4
3036,4
3037,4
3038,4
3039,1
3040,4
3041,4
3042,4
3043,4
3044,4
3045,4
3046,4
3047,4
3048,4
3049,4
3050,4
3051,4
3052,4
3053,4
3054,4
3055,4
3056,4
3057,4
3058,4
3059,4
3060,4
3061,4
3062,4
3063,4
3064,4
3065,4
3066,4
3067,4
3068,4
3069,4
3070,4
3071,4
3072,4
3073,4
3074,4
3075,4
3076,4
3077,4
3078,1
3079,4
3080,4
3081,4
3082,4
3083,4
3084,4
3085,4
3086,4
3087,4
3088,4
3089,4
3090,4
3091,4
3092,4
3093,4
3094,4
3095,4
3096,4
3097,4
3098,4
3099,4
3100,4
3101,4
3102,4
3103,4
3104,4
3105,4
3106,4
3107,4
3108,4
3109,4
3110,4
3111,4
3112,4
3113,4
3114,4
3115,4
3116,4
3117,4
3118,4
3119,4
3120,4
3121,4
3122,4
3123,4
3124,4
3125,4
3126,4
3127,4
3128,4
3129,4
3130,4
3131,4
3132,4
3133,4
3134,4
3135,4
3136,4
3137,4
3138,4
3139,4
3140,4
3141,4
3142,4
3143,4
3144,4
3145,4
3146,4
3147,4
3148,4
3149,4
3150,4
3151,4
3152,4
3153,4
3154,4
3155,4
3156,4
3157,4
3158,4
3159,4
3160,4
3161,4
3162,4
3163,4
3164,4
3165,4
3166,4
3167,4
3168,4
3169,4
3170,4
3171,4
3172,4
3173,4
3174,4
3175,4
3176,4
3177,4
3178,4
3179,4
3180,4
3181,4
3182,4
3183,4
3184,1
3185,1
3186,1
3187,1
3188,1
3189,1
3190,1
3191,1
3192,4
3193,4
3194,4
3195,4
3196,4
3197,4
3198,4
3199,4
3200,4
3201,4
3202,4
3203,4
3204,4
3205,4
3206,4
3207,4
3208,4
3209,4
3210,4
3211,4
3212,4
3213,4
3214,4
3215,4
3216,4
3217,4
3218,4
3219,4
3220,4
3221,4
3222,4
3223,4
3224,4
3225,4
3226,4
3227,4
3228,4
3229,4
3230,4
3231,4
3232,4
3233,4
3234,4
3235,4
3236,4
3237,4
3238,4
3239,4
3240,4
3241,4
3242,4
3243,4
3244,4
3245,4
3246,4
3247,4
3248,4
3249,4
3250,4
3251,4
3252,4
3253,4
3254,4
3255,4
3256,4
3257,4
3258,4
3259,4
3260,4
3261,4
3262,4
3263,4
3264,4
3265,4
3266,4
3267,4
3268,4
3269,4
3270,4
3271,4
3272,4
3273,4
3274,4
3275,4
3276,4
3277,4
3278,4
3279,4
3280,4
3281,4
3282,4
3283,4
3284,4
3285,4
3286,4
3287,4
3288,4
3289,4
3290,4
3291,4
3292,4
3293,4
3294,4
3295,4
3296,4
3297,4
3298,4
3299,4
3300,4
3301,4
3302,4
3303,4
3304,4
3305,4
3306,4
3307,4
3308,4
3309,4
3310,4
3311,4
3312,4
3313,4
3314,4
3315,4
3316,4
3317,4
3318,4
3319,4
3320,4
3321,4
3322,4
3323,4
3324,4
3325,4
3326,4
3327,4
3328,4
3329,4
3330,4
3331,4
3332,4
3333,4
3334,4
3335,4
3336,4
3337,4
3338,4
3339,4
3340,4
3341,4
3342,4
3343,4
3344,4
3345,4
3346,4
3347,4
3348,4
3349,4
3350,4
3351,4
3352,4
3353,4
3354,4
3355,4
3356,4
3357,4
3358,4
3359,4
3360,4
3361,4
3362,4
3363,4
3364,4
3365,4
3366,4
3367,4
3368,4
3369,4
3370,4
3371,4
3372,4
3373,4
3374,4
3375,4
3376,4
3377,4
3378,4
3379,4
3380,4
3381,4
3382,4
3383,4
3384,4
3385,4
3386,4
3387,4
3388,4
3389,4
3390,4
3391,4
3392,1
3393,1
3394,1
3395,1
3396,1
3397,1
3398,1
3399,1
3400,4
3401,4
3402,4
3403,4
3404,4
3405,4
3406,4
3407,4
3408,4
3409,4
3410,4
3411,4
3412,4
3413,4
3414,4
3415,4
3416,4
3417,4
3418,4
3419,4
3420,4
3421,4
3422,4
3423,4
3424,4
3425,4
3426,4
3427,4
3428,4
3429,4
3430,4
3431,4
3432,4
3433,4
3434,4
3435,4
3436,4
3437,4
3438,4
3439,4
3440,4
3441,4
3442,4
3443,4
3444,4
3445,4
3446,4
3447,4
3448,4
3449,4
3450,4
3451,4
3452,4
3453,4
3454,4
3455,4
3456,4
3457,4
3458,4
3459,4
3460,4
3461,4
3462,4
3463,4
3464,4
3465,4
3466,4
3467,4
3468,4
3469,4
3470,4
3471,4
3472,4
3473,4
3474,4
3475,4
3476,4
3477,4
3478,4
3479,4
3480,4
3481,4
3482,4
3483,4
3484,4
3485,4
3486,4
3487,4
3488,4
3489,4
3490,4
3491,4
3492,4
3493,4
3494,4
3495,4
3496,4
3497,4
3498,4
3499,4
3500,4
3501,4
3502,4
3503,4
3504,4
3505,4
3506,4
3507,4
3508,4
3509,4
3510,4
3511,4
3512,4
3513,4
3514,4
3515,4
3516,4
3517,4
3518,4
3519,4
3520,4
3521,4
3522,4
3523,4
3524,4
3525,4
3526,4
3527,4
3528,4
3529,4
3530,4
3531,4
3532,4
3533,4
3534,4
3535,4
3536,4
3537,4
3538,4
3539,4
3540,4
3541,4
3542,4
3543,4
3544,4
3545,4
3546,4
3547,4
3548,4
3549,4
3550,4
3551,4
3552,4
3553,4
3554,4
3555,4
3556,4
3557,4
3558,4
3559,4
3560,4
3561,4
3562,4
3563,4
3564,4
3565,4
3566,4
3567,4
3568,4
3569,4
3570,4
3571,4
3572,4
3573,4
3574,4
3575,4
3576,4
3577,4
3578,4
3579,4
3580,4
3581,4
3582,4
3583,4
3584,4
3585,4
3586,4
3587,4
3588,4
3589,4
3590,4
3591,4
3592,4
3593,4
3594,4
3595,4
3596,4
3597,4
3598,4
3599,4
3600,4
3601,4
3602,4
3603,4
3604,4
3605,4
3606,4
3607,4
3608,4
3609,4
3610,4
3611,4
3612,4
3613,4
3614,4
3615,4
3616,4
3617,4
3618,4
3619,4
3620,4
3621,4
3622,4
3623,4
3624,4
3625,4
3626,4
3627,4
3628,4
3629,4
3630,4
3631,4
3632,4
3633,4
3634,4
3635,4
3636,4
3637,4
3638,4
3639,4
3640,4
3641,4
3642,4
3643,4
3644,4
3645,4
3646,4
3647,4
3648,4
3649,4
3650,4
3651,4
3652,4
3653,4
3654,4
3655,4
3656,4
3657,4
3658,4
3659,4
3660,4
3661,4
3662,4
3663,4
3664,4
3665,4
3666,4
3667,4
3668,4
3669,4
3670,4
3671,4
3672,4
3673,4
3674,4
3675,4
3676,4
3677,4
3678,4
3679,4
3680,4
3681,4
3682,4
3683,4
3684,4
3685,4
3686,4
3687,4
3688,4
3689,4
3690,4
3691,4
3692,4
3693,4
3694,4
3695,4
3696,4
3697,4
3698,4
3699,4
3700,4
3701,4
3702,4
3703,4
3704,4
3705,4
3706,4
3707,4
3708,4
3709,4
3710,4
3711,4
3712,4
3713,4
3714,4
3715,4
3716,4
3717,4
3718,4
3719,4
3720,4
3721,4
3722,4
3723,4
3724,4
3725,4
3726,4
3727,4
3728,4
3729,4
3730,4
3731,4
3732,4
3733,4
3734,4
3735,4
3736,4
3737,4
3738,4
3739,4
3740,4
3741,4
3742,4
3743,4
3744,4
3745,4
3746,4
3747,4
3748,4
3749,4
3750,4
3751,4
3752,4
3753,4
3754,4
3755,4
3756,4
3757,4
3758,4
3759,4
3760,4
3761,4
3762,4
3763,4
3764,4
3765,4
3766,4
3767,4
3768,4
3769,4
3770,4
3771,4
3772,4
3773,4
3774,4
3775,4
3776,4
3777,4
3778,4
3779,4
3780,4
3781,4
3782,4
3783,4
3784,4
3785,4
3786,4
3787,4
3788,4
3789,4
3790,4
3791,4
3792,4
3793,4
3794,4
3795,4
3796,4
3797,4
3798,4
3799,4
3800,4
3801,4
3802,4
3803,4
3804,4
3805,4
3806,4
3807,4
3808,4
3809,4
3810,4
3811,4
3812,4
3813,4
3814,4
3815,4
3816,4
3817,4
3818,4
3819,4
3820,4
3821,4
3822,4
3823,4
3824,4
3825,4
3826,4
3827,4
3828,4
3829,4
3830,4
3831,4
3832,4
3833,4
3834,4
3835,4
3836,4
3837,4
3838,4
3839,4
3840,4
3841,4
3842,4
3843,4
3844,4
3845,4
3846,4
3847,4
3848,4
3849,4
3850,4
3851,4
3852,4
3853,4
3854,4
3855,4
3856,4
3857,4
3858,4
3859,4
3860,4
3861,4
3862,4
3863,4
3864,4
3865,4
3866,4
3867,4
3868,4
3869,4
3870,4
3871,4
3872,4
3873,4
3874,4
3875,4
3876,4
3877,4
3878,4
3879,4
3880,4
3881,4
3882,4
3883,4
3884,4
3885,4
3886,4
3887,4
3888,4
3889,4
3890,4
3891,4
3892,4
3893,4
3894,4
3895,4
3896,4
3897,4
3898,4
3899,4
3900,4
3901,4
3902,4
3903,4
3904,4
3905,4
3906,4
3907,4
3908,4
3909,4
3910,4
3911,4
3912,4
3913,4
3914,4
3915,4
3916,4
3917,4
3918,4
3919,4
3920,4
3921,4
3922,4
3923,4
3924,4
3925,4
3926,4
3927,4
3928,4
3929,4
3930,4
3931,4
3932,4
3933,4
3934,4
3935,4
3936,1
3937,1
3938,1
3939,1
3940,1
3941,1
3942,1
3943,1
3944,1
3945,1
3946,1
3947,1
3948,1
3949,1
3950,1
3951,1
3952,1
3953,1
3954,1
3955,1
3956,1
3957,1
3958,1
3959,1
3960,1
3961,1
3962,1
3963,1
3964,1
3965,1
3966,1
3967,1
3968,1
3969,1
3970,1
3971,1
3972,1
3973,1
3974,1
3975,1
3976,1
3977,1
3978,1
3979,1
3980,1
3981,1
3982,1
3983,1
3984,4
3985,4
3986,4
3987,4
3988,4
3989,4
3990,4
3991,4
3992,4
3993,4
3994,4
3995,4
3996,4
3997,4
3998,4
3999,4
4000,4
4001,4
4002,4
4003,4
4004,4
4005,4
4006,4
4007,4
4008,4
4009,4
4010,4
4011,4
4012,4
4013,4
4014,4
4015,4
4016,4
4017,4
4018,4
4019,4
4020,4
4021,4
4022,4
4023,4
4024,4
4025,4
4026,4
4027,4
4028,4
4029,4
4030,4
4031,4
4032,4
4033,4
4034,4
4035,4
4036,4
4037,4
4038,4
4039,4
4040,4
4041,4
4042,4
4043,4
4044,4
4045,4
4046,4
4047,1
4048,4
4049,4
4050,4
4051,4
4052,4
4053,4
4054,4
4055,4
4056,4
4057,4
4058,4
4059,4
4060,4
4061,4
4062,4
4063,4
4064,4
4065,4
4066,4
4067,4
4068,4
4069,4
4070,4
4071,4
4072,4
4073,4
4074,4
4075,4
4076,4
4077,4
4078,4
4079,4
4080,4
4081,4
4082,4
4083,4
4084,4
4085,4
4086,4
4087,4
4088,4
4089,4
4090,4
4091,4
4092,4
4093,4
4094,4
4095,4
4096,4
4097,4
4098,4
4099,4
4100,4
4101,4
4102,4
4103,4
4104,4
4105,4
4106,4
4107,4
4108,4
4109,4
4110,4
4111,4
4112,4
4113,4
4114,4
4115,4
4116,4
4117,4
4118,4
4119,4
4120,4
4121,4
4122,4
4123,4
4124,4
4125,4
4126,4
4127,4
4128,4
4129,4
4130,4
4131,4
4132,4
4133,4
4134,4
4135,4
4136,4
4137,4
4138,4
4139,4
4140,4
4141,4
4142,4
4143,4
4144,4
4145,4
4146,4
4147,4
4148,4
4149,4
4150,4
4151,4
4152,4
4153,4
4154,4
4155,4
4156,4
4157,4
4158,4
4159,4
4160,4
4161,4
4162,4
4163,4
4164,4
4165,4
4166,4
4167,4
4168,4
4169,4
4170,4
4171,4
4172,4
4173,4
4174,4
4175,4
4176,4
4177,4
4178,4
4179,4
4180,4
4181,4
4182,4
4183,4
4184,4
4185,4
4186,4
4187,4
4188,4
4189,4
4190,4
4191,4
4192,4
4193,4
4194,4
4195,4
4196,4
4197,4
4198,4
4199,4
4200,4
4201,4
4202,4
4203,4
4204,4
4205,4
4206,4
4207,1
4208,4
4209,4
4210,4
4211,4
4212,4
4213,4
4214,4
4215,4
4216,4
4217,4
4218,4
4219,4
4220,4
4221,4
4222,4
4223,4
4224,4
4225,4
4226,4
4227,4
4228,4
4229,4
4230,4
4231,4
4232,4
4233,4
4234,4
4235,4
4236,4
4237,4
4238,4
4239,4
4240,4
4241,4
4242,4
4243,4
4244,4
4245,4
4246,4
4247,4
4248,4
4249,4
4250,4
4251,4
4252,4
4253,4
4254,4
4255,4
4256,4
4257,4
4258,4
4259,4
4260,4
4261,4
4262,4
4263,4
4264,4
4265,4
4266,4
4267,4
4268,4
4269,4
4270,4
4271,4
4272,4
4273,4
4274,4
4275,4
4276,4
4277,4
4278,4
4279,4
4280,4
4281,4
4282,4
4283,4
4284,4
4285,4
4286,4
4287,4
4288,4
4289,4
4290,4
4291,4
4292,4
4293,4
4294,4
4295,4
4296,4
4297,4
4298,4
4299,4
4300,4
4301,4
4302,4
4303,4
4304,4
4305,4
4306,4
4307,4
4308,4
4309,4
4310,4
4311,4
4312,4
4313,4
4314,4
4315,4
4316,4
4317,4
4318,4
4319,4
4320,4
4321,4
4322,4
4323,4
4324,4
4325,4
4326,4
4327,4
4328,4
4329,4
4330,4
4331,4
4332,4
4333,4
4334,4
4335,4
4336,4
4337,4
4338,4
4339,4
4340,4
4341,4
4342,4
4343,4
4344,4
4345,4
4346,4
4347,4
4348,4
4349,4
4350,4
4351,4
4352,4
4353,4
4354,4
4355,4
4356,4
4357,4
4358,4
4359,4
4360,4
4361,4
4362,4
4363,4
4364,4
4365,4
4366,4
4367,4
4368,4
4369,4
4370,4
4371,4
4372,4
4373,4
4374,4
4375,4
4376,4
4377,4
4378,4
4379,4
4380,4
4381,4
4382,4
4383,4
4384,4
4385,4
4386,4
4387,4
4388,4
4389,4
4390,4
4391,4
4392,4
4393,4
4394,4
4395,4
4396,4
4397,4
4398,4
4399,4
4400,4
4401,4
4402,4
4403,4
4404,4
4405,4
4406,4
4407,4
4408,4
4409,4
4410,4
4411,4
4412,4
4413,4
4414,4
4415,4
4416,1
4417,1
4418,1
4419,1
4420,1
4421,1
4422,1
4423,1
4424,4
4425,4
4426,4
4427,4
4428,4
4429,4
4430,4
4431,4
4432,4
4433,4
4434,4
4435,4
4436,4
4437,4
4438,4
4439,4
4440,4
4441,4
4442,4
4443,4
4444,4
4445,4
4446,4
4447,4
4448,4
4449,4
4450,4
4451,4
4452,4
4453,4
4454,4
4455,4
4456,4
4457,4
4458,4
4459,4
4460,4
4461,4
4462,4
4463,4
4464,4
4465,4
4466,4
4467,4
4468,4
4469,4
4470,4
4471,4
4472,4
4473,4
4474,4
4475,4
4476,4
4477,4
4478,4
4479,4
4480,4
4481,4
4482,4
4483,4
4484,4
4485,4
4486,4
4487,4
4488,4
4489,4
4490,4
4491,4
4492,4
4493,4
4494,4
4495,4
4496,1
4497,1
4498,1
4499,1
4500,1
4501,1
4502,1
4503,1
4504,1
4505,1
4506,1
4507,1
4508,1
4509,1
4510,1
4511,1
4512,4
4513,4
4514,4
4515,4
4516,4
4517,4
4518,4
4519,4
4520,4
4521,4
4522,4
4523,4
4524,4
4525,4
4526,4
4527,4
4528,4
4529,4
4530,4
4531,4
4532,4
4533,4
4534,4
4535,4
4536,4
4537,4
4538,4
4539,4
4540,4
4541,4
4542,4
4543,4
4544,4
4545,4
4546,4
4547,4
4548,4
4549,4
4550,4
4551,4
4552,4
4553,4
4554,4
4555,4
4556,4
4557,4
4558,4
4559,4
4560,4
4561,4
4562,4
4563,4
4564,4
4565,4
4566,4
4567,4
4568,4
4569,4
4570,4
4571,4
4572,4
4573,4
4574,4
4575,4
4576,4
4577,4
4578,4
4579,4
4580,4
4581,4
4582,4
4583,4
4584,4
4585,4
4586,4
4587,4
4588,4
4589,4
4590,4
4591,4
4592,4
4593,4
4594,4
4595,4
4596,4
4597,4
4598,4
4599,4
4600,4
4601,4
4602,4
4603,4
4604,4
4605,4
4606,4
4607,4
4608,4
4609,4
4610,4
4611,4
4612,4
4613,4
4614,4
4615,4
4616,4
4617,4
4618,4
4619,4
4620,4
4621,4
4622,4
4623,4
4624,4
4625,4
4626,4
4627,4
4628,4
4629,4
4630,4
4631,4
4632,4
4633,4
4634,4
4635,4
4636,4
4637,4
4638,4
4639,4
4640,4
4641,4
4642,4
4643,4
4644,4
4645,4
4646,4
4647,4
4648,4
4649,4
4650,4
4651,4
4652,4
4653,4
4654,4
4655,4
4656,4
4657,4
4658,4
4659,4
4660,4
4661,4
4662,4
4663,4
4664,4
4665,4
4666,4
4667,4
4668,4
4669,4
4670,4
4671,4
4672,4
4673,4
4674,4
4675,4
4676,4
4677,4
4678,4
4679,4
4680,4
4681,4
4682,4
4683,4
4684,4
4685,4
4686,4
4687,4
4688,4
4689,4
4690,4
4691,4
4692,4
4693,4
4694,4
4695,4
4696,4
4697,4
4698,4
4699,4
4700,4
4701,4
4702,4
4703,4
4704,4
4705,4
4706,4
4707,4
4708,4
4709,4
4710,4
4711,4
4712,4
4713,4
4714,4
4715,4
4716,4
4717,4
4718,4
4719,4
4720,4
4721,4
4722,4
4723,4
4724,4
4725,4
4726,4
4727,4
4728,4
4729,4
4730,4
4731,4
4732,4
4733,4
4734,4
4735,4
4736,4
4737,4
4738,4
4739,4
4740,4
4741,4
4742,4
4743,4
4744,4
4745,4
4746,4
4747,4
4748,4
4749,4
4750,4
4751,4
4752,4
4753,4
4754,4
4755,4
4756,4
4757,4
4758,4
4759,4
4760,4
4761,4
4762,4
4763,4
4764,4
4765,4
4766,4
4767,4
4768,4
4769,4
4770,4
4771,4
4772,4
4773,4
4774,4
4775,4
4776,4
4777,4
4778,4
4779,4
4780,4
4781,4
4782,4
4783,4
4784,4
4785,4
4786,4
4787,4
4788,4
4789,4
4790,4
4791,4
4792,4
4793,4
4794,4
4795,4
4796,4
4797,4
4798,4
4799,4
4800,4
4801,4
4802,4
4803,4
4804,4
4805,4
4806,4
4807,4
4808,4
4809,4
4810,4
4811,4
4812,4
4813,4
4814,4
4815,4
4816,4
4817,4
4818,4
4819,1
4820,1
4821,4
4822,4
4823,4
4824,4
4825,4
4826,4
4827,4
4828,4
4829,4
4830,4
4831,4
4832,4
4833,4
4834,4
4835,4
4836,4
4837,4
4838,4
4839,4
4840,4
4841,4
4842,4
4843,4
4844,4
4845,4
4846,4
4847,4
4848,4
4849,4
4850,4
4851,4
4852,4
4853,4
4854,4
4855,4
4856,4
4857,4
4858,4
4859,4
4860,4
4861,4
4862,4
4863,4
4864,4
4865,4
4866,4
4867,4
4868,4
4869,4
4870,4
4871,1
4872,4
4873,4
4874,4
4875,4
4876,4
4877,4
4878,4
4879,4
4880,4
4881,4
4882,1
4883,4
4884,1
4885,4
4886,4
4887,4
4888,4
4889,4
4890,4
4891,4
4892,4
4893,4
4894,4
4895,4
4896,4
4897,4
4898,4
4899,4
4900,4
4901,4
4902,4
4903,4
4904,4
4905,4
4906,4
4907,4
4908,4
4909,4
4910,4
4911,4
4912,4
4913,4
4914,4
4915,4
4916,4
4917,4
4918,4
4919,4
4920,4
4921,4
4922,4
4923,4
4924,4
4925,4
4926,4
4927,4
4928,4
4929,4
4930,4
4931,4
4932,4
4933,4
4934,4
4935,4
4936,4
4937,4
4938,4
4939,4
4940,4
4941,4
4942,4
4943,4
4944,4
4945,4
4946,4
4947,4
4948,4
4949,4
4950,4
4951,4
4952,4
4953,4
4954,4
4955,4
4956,4
4957,4
4958,4
4959,4
4960,4
4961,4
4962,4
4963,4
4964,4
4965,4
4966,4
4967,4
4968,4
4969,4
4970,4
4971,4
4972,4
4973,4
4974,4
4975,4
4976,1
4977,1
4978,1
4979,1
4980,1
4981,1
4982,1
4983,1
4984,1
4985,1
4986,1
4987,1
4988,1
4989,1
4990,1
4991,1
4992,4
4993,4
4994,4
4995,4
4996,4
4997,4
4998,4
4999,4
5000,4
5001,4
5002,4
5003,4
5004,4
5005,4
5006,4
5007,4
5008,4
5009,4
5010,4
5011,4
5012,4
5013,4
5014,4
5015,4
5016,4
5017,4
5018,4
5019,4
5020,4
5021,4
5022,4
5023,4
5024,4
5025,4
5026,4
5027,4
5028,4
5029,4
5030,4
5031,4
5032,4
5033,4
5034,4
5035,4
5036,4
5037,4
5038,4
5039,4
5040,4
5041,4
5042,4
5043,4
5044,4
5045,4
5046,4
5047,4
5048,4
5049,4
5050,4
5051,4
5052,4
5053,4
5054,4
5055,4
5056,4
5057,4
5058,4
5059,4
5060,4
5061,4
5062,4
5063,4
5064,4
5065,4
5066,4
5067,4
5068,4
5069,4
5070,4
5071,4
5072,4
5073,4
5074,4
5075,4
5076,4
5077,4
5078,4
5079,4
5080,4
5081,4
5082,4
5083,4
5084,4
5085,4
5086,4
5087,4
5088,4
5089,4
5090,4
5091,4
5092,4
5093,4
5094,4
5095,4
5096,4
5097,4
5098,4
5099,4
5100,4
5101,4
5102,4
5103,4
5104,1
5105,1
5106,1
5107,1
5108,1
5109,1
5110,1
5111,1
5112,1
5113,1
5114,1
5115,1
5116,1
5117,1
5118,1
5119,1
5120,4
5121,4
5122,4
5123,4
5124,4
5125,4
5126,4
5127,4
5128,4
5129,4
5130,4
5131,4
5132,4
5133,4
5134,4
5135,4
5136,1
5137,1
5138,1
5139,1
5140,1
5141,1
5142,1
5143,1
5144,1
5145,1
5146,1
5147,1
5148,1
5149,1
5150,1
5151,1
5152,4
5153,4
5154,4
5155,4
5156,4
5157,4
5158,4
5159,4
5160,4
5161,4
5162,4
5163,4
5164,4
5165,4
5166,4
5167,4
5168,4
5169,4
5170,4
5171,4
5172,4
5173,4
5174,4
5175,4
5176,4
5177,4
5178,4
5179,4
5180,4
5181,4
5182,4
5183,4
5184,4
5185,4
5186,4
5187,4
5188,4
5189,4
5190,4
5191,4
5192,4
5193,4
5194,4
5195,4
5196,4
5197,4
5198,4
5199,4
5200,1
5201,1
5202,1
5203,1
5204,1
5205,1
5206,1
5207,1
5208,1
5209,1
5210,1
5211,1
5212,1
5213,1
5214,1
5215,1
5216,4
5217,4
5218,4
5219,4
5220,4
5221,4
5222,4
5223,4
5224,4
5225,4
5226,4
5227,4
5228,4
5229,4
5230,4
5231,4
5232,4
5233,4
5234,4
5235,4
5236,4
5237,4
5238,4
5239,4
5240,4
5241,4
5242,4
5243,4
5244,4
5245,4
5246,4
5247,4
5248,4
5249,4
5250,4
5251,4
5252,4
5253,4
5254,4
5255,4
5256,4
5257,4
5258,4
5259,4
5260,4
5261,4
5262,4
5263,4
5264,4
5265,4
5266,4
5267,4
5268,4
5269,4
5270,4
5271,4
5272,4
5273,4
5274,4
5275,4
5276,4
5277,4
5278,4
5279,4
5280,4
5281,4
5282,4
5283,4
5284,4
5285,4
5286,4
5287,4
5288,4
5289,4
5290,4
5291,4
5292,4
5293,4
5294,4
5295,4
5296,4
5297,4
5298,4
5299,4
5300,4
5301,4
5302,4
5303,4
5304,4
5305,4
5306,4
5307,4
5308,4
5309,4
5310,4
5311,4
5312,4
5313,4
5314,4
5315,4
5316,4
5317,4
5318,4
5319,4
5320,4
5321,4
5322,4
5323,4
5324,4
5325,4
5326,4
5327,4
5328,4
5329,4
5330,4
5331,4
5332,4
5333,4
5334,4
5335,4
5336,4
5337,4
5338,4
5339,4
5340,4
5341,4
5342,4
5343,4
5344,4
5345,4
5346,4
5347,4
5348,4
5349,4
5350,4
5351,4
5352,4
5353,4
5354,4
5355,4
5356,4
5357,4
5358,4
5359,4
5360,4
5361,4
5362,4
5363,4
5364,4
5365,4
5366,4
5367,4
5368,4
5369,4
5370,4
5371,4
5372,4
5373,4
5374,4
5375,4
5376,4
5377,4
5378,4
5379,4
5380,4
5381,4
5382,4
5383,4
5384,4
5385,4
5386,4
5387,4
5388,4
5389,4
5390,4
5391,4
5392,4
5393,4
5394,4
5395,4
5396,4
5397,4
5398,4
5399,4
5400,4
5401,4
5402,4
5403,4
5404,4
5405,4
5406,4
5407,4
5408,4
5409,4
5410,4
5411,4
5412,4
5413,4
5414,4
5415,4
5416,4
5417,4
5418,4
5419,4
5420,4
5421,4
5422,4
5423,4
5424,4
5425,4
5426,4
5427,4
5428,4
5429,4
5430,4
5431,4
5432,4
5433,4
5434,4
5435,4
5436,4
5437,4
5438,4
5439,4
5440,4
5441,4
5442,4
5443,4
5444,4
5445,4
5446,4
5447,4
5448,4
5449,4
5450,4
5451,4
5452,4
5453,4
5454,4
5455,4
5456,4
5457,4
5458,4
5459,4
5460,4
5461,4
5462,4
5463,4
5464,4
5465,4
5466,4
5467,4
5468,4
5469,4
5470,4
5471,4
5472,4
5473,4
5474,4
5475,4
5476,4
5477,4
5478,4
5479,4
5480,4
5481,4
5482,4
5483,4
5484,4
5485,4
5486,4
5487,4
5488,4
5489,4
5490,4
5491,4
5492,4
5493,4
5494,4
5495,4
5496,4
5497,4
5498,4
5499,4
5500,4
5501,4
5502,4
5503,4
5504,4
5505,4
5506,4
5507,4
5508,4
5509,4
5510,4
5511,4
5512,4
5513,4
5514,4
5515,4
5516,4
5517,4
5518,4
5519,4
5520,4
5521,4
5522,4
5523,4
5524,4
5525,4
5526,4
5527,4
5528,4
5529,4
5530,4
5531,4
5532,4
5533,4
5534,4
5535,4
5536,4
5537,4
5538,4
5539,4
5540,4
5541,4
5542,4
5543,4
5544,4
5545,4
5546,4
5547,4
5548,4
5549,4
5550,4
5551,4
5552,4
5553,4
5554,1
5555,4
5556,1
5557,4
5558,4
5559,4
5560,4
5561,4
5562,4
5563,4
5564,4
5565,4
5566,4
5567,4
5568,4
5569,4
5570,4
5571,4
5572,4
5573,4
5574,4
5575,4
5576,4
5577,4
5578,4
5579,4
5580,4
5581,4
5582,4
5583,4
5584,4
5585,4
5586,4
5587,4
5588,4
5589,4
5590,4
5591,4
5592,4
5593,4
5594,4
5595,4
5596,4
5597,4
5598,4
5599,4
5600,4
5601,4
5602,4
5603,4
5604,4
5605,4
5606,4
5607,4
5608,4
5609,4
5610,4
5611,4
5612,4
5613,4
5614,4
5615,4
5616,1
5617,1
5618,1
5619,1
5620,1
5621,1
5622,1
5623,1
5624,1
5625,1
5626,1
5627,1
5628,1
5629,1
5630,1
5631,1
5632,4
5633,4
5634,4
5635,4
5636,4
5637,4
5638,4
5639,4
5640,4
5641,4
5642,4
5643,4
5644,4
5645,4
5646,4
5647,4
5648,4
5649,4
5650,4
5651,4
5652,4
5653,4
5654,4
5655,4
5656,4
5657,4
5658,4
5659,4
5660,4
5661,4
5662,4
5663,4
5664,4
5665,4
5666,4
5667,4
5668,4
5669,4
5670,4
5671,4
5672,4
5673,4
5674,4
5675,4
5676,4
5677,4
5678,4
5679,4
5680,4
5681,4
5682,4
5683,4
5684,4
5685,4
5686,4
5687,4
5688,4
5689,4
5690,4
5691,4
5692,4
5693,4
5694,4
5695,4
5696,4
5697,4
5698,4
5699,4
5700,4
5701,4
5702,4
5703,4
5704,4
5705,4
5706,4
5707,4
5708,4
5709,4
5710,4
5711,4
5712,4
5713,4
5714,4
5715,4
5716,4
5717,4
5718,4
5719,4
5720,4
5721,4
5722,4
5723,4
5724,4
5725,4
5726,4
5727,4
5728,4
5729,4
5730,4
5731,4
5732,4
5733,4
5734,4
5735,4
5736,4
5737,4
5738,4
5739,4
5740,4
5741,4
5742,4
5743,4
5744,4
5745,4
5746,4
5747,4
5748,4
5749,4
5750,4
5751,4
5752,4
5753,4
5754,4
5755,4
5756,4
5757,4
5758,4
5759,4
5760,1
5761,1
5762,1
5763,1
5764,1
5765,1
5766,1
5767,1
5768,1
5769,1
5770,1
5771,1
5772,1
5773,1
5774,1
5775,1
5776,4
5777,4
5778,4
5779,4
5780,4
5781,4
5782,4
5783,4
5784,4
5785,4
5786,4
5787,4
5788,4
5789,4
5790,4
5791,4
5792,4
5793,4
5794,4
5795,4
5796,4
5797,4
5798,4
5799,4
5800,4
5801,4
5802,4
5803,4
5804,4
5805,4
5806,4
5807,4
5808,4
5809,4
5810,4
5811,4
5812,4
5813,4
5814,4
5815,4
5816,4
5817,4
5818,4
5819,4
5820,4
5821,4
5822,4
5823,4
5824,4
5825,4
5826,4
5827,4
5828,4
5829,4
5830,4
5831,4
5832,4
5833,4
5834,4
5835,4
5836,4
5837,4
5838,4
5839,4
5840,4
5841,4
5842,4
5843,4
5844,4
5845,4
5846,4
5847,4
5848,4
5849,4
5850,4
5851,4
5852,4
5853,4
5854,4
5855,4
5856,4
5857,4
5858,4
5859,4
5860,4
5861,4
5862,4
5863,4
5864,4
5865,4
5866,4
5867,4
5868,4
5869,4
5870,4
5871,4
5872,4
5873,4
5874,4
5875,4
5876,4
5877,4
5878,4
5879,4
5880,4
5881,4
5882,4
5883,4
5884,4
5885,4
5886,4
5887,4
5888,4
5889,4
5890,4
5891,4
5892,4
5893,4
5894,4
5895,4
5896,4
5897,4
5898,4
5899,4
5900,4
5901,4
5902,4
5903,4
5904,4
5905,4
5906,4
5907,4
5908,4
5909,4
5910,4
5911,4
5912,4
5913,4
5914,4
5915,4
5916,4
5917,4
5918,4
5919,4
5920,4
5921,4
5922,4
5923,4
5924,4
5925,4
5926,4
5927,4
5928,4
5929,4
5930,4
5931,4
5932,4
5933,4
5934,4
5935,4
5936,4
5937,4
5938,4
5939,4
5940,4
5941,4
5942,4
5943,4
5944,4
5945,4
5946,4
5947,4
5948,4
5949,4
5950,4
5951,4
5952,1
5953,1
5954,1
5955,1
5956,1
5957,1
5958,1
5959,1
5960,1
5961,1
5962,1
5963,1
5964,1
5965,1
5966,1
5967,1
5968,4
5969,4
5970,4
5971,4
5972,4
5973,4
5974,4
5975,4
5976,4
5977,4
5978,4
5979,4
5980,4
5981,4
5982,4
5983,4
5984,4
5985,4
5986,4
5987,4
5988,4
5989,4
5990,4
5991,4
5992,4
5993,4
5994,4
5995,4
5996,4
5997,4
5998,4
5999,4
6000,4
6001,4
6002,4
6003,4
6004,4
6005,4
6006,4
6007,4
6008,4
6009,4
6010,4
6011,4
6012,4
6013,4
6014,4
6015,4
6016,4
6017,4
6018,4
6019,4
6020,4
6021,4
6022,4
6023,4
6024,4
6025,4
6026,4
6027,4
6028,4
6029,4
6030,4
6031,4
6032,4
6033,4
6034,4
6035,4
6036,4
6037,4
6038,4
6039,4
6040,4
6041,4
6042,4
6043,4
6044,4
6045,4
6046,4
6047,4
6048,4
6049,4
6050,4
6051,4
6052,4
6053,4
6054,4
6055,4
6056,4
6057,4
6058,4
6059,4
6060,4
6061,4
6062,4
6063,4
6064,4
6065,4
6066,4
6067,4
6068,4
6069,4
6070,4
6071,4
6072,4
6073,4
6074,4
6075,4
6076,4
6077,4
6078,4
6079,4
6080,4
6081,4
6082,4
6083,4
6084,4
6085,4
6086,4
6087,4
6088,4
6089,4
6090,4
6091,4
6092,4
6093,4
6094,4
6095,4
6096,4
6097,4
6098,4
6099,4
6100,4
6101,4
6102,4
6103,4
6104,4
6105,4
6106,4
6107,4
6108,4
6109,4
6110,4
6111,4
6112,4
6113,4
6114,4
6115,4
6116,4
6117,4
6118,4
6119,4
6120,4
6121,4
6122,4
6123,4
6124,4
6125,4
6126,4
6127,4
6128,1
6129,1
6130,1
6131,1
6132,1
6133,1
6134,1
6135,1
6136,1
6137,1
6138,1
6139,1
6140,1
6141,1
6142,1
6143,1
6144,4
6145,4
6146,4
6147,4
6148,4
6149,4
6150,4
6151,4
6152,4
6153,4
6154,4
6155,4
6156,4
6157,4
6158,4
6159,4
6160,4
6161,4
6162,4
6163,4
6164,4
6165,4
6166,4
6167,4
6168,4
6169,4
6170,4
6171,4
6172,4
6173,4
6174,4
6175,4
6176,1
6177,1
6178,1
6179,1
6180,1
6181,1
6182,1
6183,1
6184,1
6185,1
6186,1
6187,1
6188,1
6189,1
6190,1
6191,1
6192,4
6193,4
6194,4
6195,4
6196,4
6197,4
6198,4
6199,4
6200,4
6201,4
6202,4
6203,4
6204,4
6205,4
6206,4
6207,4
6208,4
6209,4
6210,4
6211,4
6212,4
6213,4
6214,4
6215,4
6216,4
6217,4
6218,4
6219,4
6220,4
6221,4
6222,4
6223,4
6224,4
6225,4
6226,4
6227,4
6228,4
6229,4
6230,4
6231,4
6232,4
6233,4
6234,4
6235,4
6236,4
6237,4
6238,4
6239,4
6240,4
6241,4
6242,4
6243,4
6244,4
6245,4
6246,4
6247,4
6248,4
6249,4
6250,4
6251,4
6252,4
6253,4
6254,4
6255,4
6256,4
6257,4
6258,4
6259,4
6260,4
6261,4
6262,4
6263,4
6264,4
6265,4
6266,4
6267,4
6268,4
6269,4
6270,4
6271,4
6272,4
6273,4
6274,4
6275,4
6276,4
6277,4
6278,4
6279,4
6280,4
6281,4
6282,4
6283,4
6284,4
6285,4
6286,4
6287,4
6288,4
6289,4
6290,4
6291,4
6292,4
6293,4
6294,4
6295,4
6296,4
6297,4
6298,4
6299,4
6300,4
6301,4
6302,4
6303,4
6304,4
6305,4
6306,4
6307,4
6308,4
6309,1
6310,4
6311,4
6312,4
6313,4
6314,4
6315,4
6316,4
6317,4
6318,4
6319,4
6320,4
6321,4
6322,4
6323,4
6324,4
6325,4
6326,4
6327,4
6328,4
6329,4
6330,4
6331,4
6332,4
6333,4
6334,4
6335,4
6336,4
6337,4
6338,4
6339,4
6340,4
6341,4
6342,4
6343,4
6344,4
6345,4
6346,4
6347,4
6348,4
6349,4
6350,4
6351,4
6352,4
6353,4
6354,4
6355,4
6356,4
6357,4
6358,4
6359,4
6360,4
6361,4
6362,4
6363,4
6364,4
6365,4
6366,4
6367,4
6368,4
6369,4
6370,4
6371,4
6372,4
6373,4
6374,4
6375,4
6376,4
6377,4
6378,4
6379,4
6380,4
6381,4
6382,4
6383,4
6384,4
6385,4
6386,4
6387,4
6388,4
6389,4
6390,4
6391,4
6392,1
6393,4
6394,4
6395,4
6396,4
6397,4
6398,4
6399,4
6400,4
6401,4
6402,4
6403,4
6404,4
6405,4
6406,4
6407,4
6408,4
6409,4
6410,4
6411,4
6412,4
6413,4
6414,4
6415,4
6416,4
6417,4
6418,4
6419,4
6420,4
6421,4
6422,4
6423,4
6424,4
6425,4
6426,4
6427,4
6428,4
6429,4
6430,4
6431,4
6432,4
6433,4
6434,4
6435,4
6436,4
6437,4
6438,4
6439,4
6440,4
6441,4
6442,4
6443,4
6444,4
6445,4
6446,4
6447,4
6448,4
6449,4
6450,4
6451,4
6452,4
6453,4
6454,4
6455,4
6456,4
6457,4
6458,4
6459,4
6460,4
6461,4
6462,4
6463,4
6464,4
6465,4
6466,4
6467,4
6468,4
6469,4
6470,4
6471,4
6472,4
6473,4
6474,4
6475,4
6476,4
6477,4
6478,4
6479,4
6480,4
6481,4
6482,4
6483,4
6484,4
6485,4
6486,4
6487,4
6488,4
6489,4
6490,4
6491,4
6492,4
6493,4
6494,4
6495,4
6496,4
6497,4
6498,4
6499,4
6500,4
6501,4
6502,4
6503,4
6504,4
6505,4
6506,4
6507,4
6508,4
6509,4
6510,4
6511,4
6512,4
6513,4
6514,4
6515,4
6516,4
6517,4
6518,4
6519,4
6520,4
6521,4
6522,4
6523,4
6524,4
6525,4
6526,4
6527,4
6528,4
6529,4
6530,4
6531,4
6532,4
6533,4
6534,4
6535,4
6536,4
6537,4
6538,4
6539,4
6540,4
6541,4
6542,4
6543,4
6544,4
6545,4
6546,4
6547,4
6548,4
6549,4
6550,4
6551,4
6552,4
6553,4
6554,4
6555,4
6556,4
6557,4
6558,4
6559,4
6560,4
6561,4
6562,4
6563,4
6564,4
6565,4
6566,4
6567,4
6568,4
6569,4
6570,4
6571,4
6572,4
6573,4
6574,4
6575,4
6576,4
6577,4
6578,4
6579,4
6580,4
6581,4
6582,4
6583,4
6584,4
6585,4
6586,4
6587,4
6588,4
6589,4
6590,4
6591,4
6592,4
6593,4
6594,4
6595,4
6596,4
6597,4
6598,4
6599,4
6600,4
6601,4
6602,4
6603,4
6604,4
6605,4
6606,4
6607,4
6608,4
6609,4
6610,4
6611,4
6612,4
6613,4
6614,4
6615,4
6616,4
6617,4
6618,4
6619,4
6620,4
6621,4
6622,4
6623,4
6624,4
6625,4
6626,4
6627,4
6628,4
6629,4
6630,4
6631,4
6632,4
6633,4
6634,4
6635,4
6636,4
6637,4
6638,4
6639,4
6640,4
6641,4
6642,4
6643,4
6644,4
6645,4
6646,4
6647,4
6648,4
6649,4
6650,4
6651,4
6652,4
6653,4
6654,4
6655,4
6656,4
6657,4
6658,4
6659,4
6660,4
6661,4
6662,4
6663,4
6664,4
6665,4
6666,4
6667,4
6668,4
6669,4
6670,4
6671,4
6672,4
6673,4
6674,4
6675,4
6676,4
6677,4
6678,4
6679,4
6680,4
6681,4
6682,4
6683,4
6684,4
6685,4
6686,4
6687,4
6688,4
6689,4
6690,4
6691,4
6692,4
6693,4
6694,4
6695,4
6696,4
6697,4
6698,4
6699,4
6700,4
6701,4
6702,4
6703,4
6704,4
6705,4
6706,4
6707,4
6708,4
6709,4
6710,4
6711,4
6712,4
6713,4
6714,4
6715,4
6716,4
6717,4
6718,4
6719,4
6720,4
6721,4
6722,4
6723,4
6724,4
6725,4
6726,4
6727,4
6728,4
6729,4
6730,4
6731,4
6732,4
6733,4
6734,4
6735,4
6736,4
6737,4
6738,4
6739,4
6740,4
6741,4
6742,4
6743,4
6744,4
6745,4
6746,4
6747,4
6748,4
6749,4
6750,4
6751,4
6752,4
6753,4
6754,4
6755,4
6756,4
6757,4
6758,4
6759,4
6760,4
6761,4
6762,4
6763,4
6764,4
6765,4
6766,4
6767,4
6768,4
6769,4
6770,4
6771,4
6772,4
6773,4
6774,4
6775,4
6776,4
6777,4
6778,4
6779,4
6780,4
6781,4
6782,4
6783,4
6784,4
6785,4
6786,4
6787,4
6788,4
6789,4
6790,4
6791,4
6792,4
6793,4
6794,4
6795,4
6796,4
6797,4
6798,4
6799,4
6800,4
6801,4
6802,4
6803,4
6804,4
6805,4
6806,4
6807,4
6808,4
6809,4
6810,4
6811,4
6812,4
6813,4
6814,4
6815,4
6816,4
6817,4
6818,4
6819,4
6820,4
6821,4
6822,4
6823,4
6824,4
6825,4
6826,4
6827,4
6828,4
6829,4
6830,4
6831,4
6832,4
6833,4
6834,4
6835,4
6836,4
6837,4
6838,4
6839,4
6840,4
6841,4
6842,4
6843,4
6844,4
6845,4
6846,4
6847,4
6848,4
6849,4
6850,4
6851,4
6852,4
6853,4
6854,4
6855,4
6856,4
6857,4
6858,4
6859,4
6860,4
6861,4
6862,4
6863,4
6864,4
6865,4
6866,4
6867,4
6868,4
6869,4
6870,4
6871,4
6872,4
6873,4
6874,4
6875,4
6876,4
6877,4
6878,4
6879,4
6880,4
6881,4
6882,4
6883,4
6884,4
6885,4
6886,4
6887,4
6888,4
6889,4
6890,4
6891,4
6892,4
6893,4
6894,4
6895,4
6896,4
6897,4
6898,4
6899,4
6900,4
6901,4
6902,4
6903,4
6904,4
6905,4
6906,4
6907,4
6908,4
6909,4
6910,4
6911,4
6912,4
6913,4
6914,4
6915,4
6916,4
6917,4
6918,4
6919,4
6920,4
6921,4
6922,4
6923,4
6924,4
6925,4
6926,4
6927,4
6928,4
6929,4
6930,4
6931,4
6932,4
6933,4
6934,4
6935,4
6936,4
6937,4
6938,4
6939,4
6940,4
6941,4
6942,4
6943,4
6944,4
6945,4
6946,4
6947,4
6948,4
6949,4
6950,4
6951,4
6952,4
6953,4
6954,4
6955,4
6956,4
6957,4
6958,4
6959,4
6960,4
6961,4
6962,4
6963,4
6964,4
6965,4
6966,4
6967,4
6968,4
6969,4
6970,4
6971,4
6972,4
6973,4
6974,4
6975,4
6976,4
6977,4
6978,4
6979,4
6980,4
6981,4
6982,4
6983,4
6984,4
6985,4
6986,4
6987,4
6988,4
6989,4
6990,4
6991,4
6992,4
6993,4
6994,4
6995,4
6996,4
6997,4
6998,4
6999,4
7000,4
7001,4
7002,4
7003,4
7004,4
7005,4
7006,4
7007,4
7008,4
7009,1
7010,4
7011,4
7012,4
7013,4
7014,4
7015,4
7016,4
7017,4
7018,4
7019,4
7020,4
7021,4
7022,4
7023,4
7024,4
7025,4
7026,4
7027,1
7028,4
7029,4
7030,4
7031,1
7032,4
7033,4
7034,4
7035,4
7036,4
7037,4
7038,4
7039,4
7040,4
7041,4
7042,4
7043,4
7044,4
7045,4
7046,4
7047,4
7048,4
7049,4
7050,4
7051,4
7052,4
7053,4
7054,4
7055,4
7056,4
7057,4
7058,4
7059,4
7060,4
7061,4
7062,4
7063,4
7064,4
7065,4
7066,4
7067,4
7068,4
7069,4
7070,4
7071,4
7072,4
7073,4
7074,4
7075,4
7076,4
7077,4
7078,4
7079,4
7080,4
7081,4
7082,4
7083,4
7084,4
7085,4
7086,4
7087,4
7088,4
7089,4
7090,4
7091,4
7092,4
7093,4
7094,4
7095,4
7096,4
7097,4
7098,4
7099,4
7100,4
7101,4
7102,4
7103,4
7104,4
7105,4
7106,4
7107,4
7108,4
7109,4
7110,4
7111,4
7112,4
7113,4
7114,4
7115,4
7116,4
7117,4
7118,4
7119,4
7120,4
7121,4
7122,4
7123,4
7124,4
7125,4
7126,4
7127,4
7128,4
7129,4
7130,4
7131,4
7132,4
7133,4
7134,4
7135,4
7136,1
7137,1
7138,1
7139,1
7140,1
7141,1
7142,1
7143,1
7144,1
7145,1
7146,1
7147,1
7148,1
7149,1
7150,1
7151,1
7152,1
7153,1
7154,1
7155,1
7156,1
7157,1
7158,1
7159,1
7160,1
7161,1
7162,1
7163,1
7164,1
7165,1
7166,1
7167,1
7168,1
7169,1
7170,1
7171,1
7172,1
7173,1
7174,1
7175,1
7176,1
7177,1
7178,1
7179,1
7180,1
7181,1
7182,1
7183,1
7184,1
7185,1
7186,1
7187,1
7188,1
7189,1
7190,1
7191,1
7192,1
7193,1
7194,1
7195,1
7196,1
7197,1
7198,1
7199,1
7200,4
7201,1
7202,1
7203,1
7204,1
7205,1
7206,1
7207,1
7208,1
7209,1
7210,1
7211,1
7212,1
7213,1
7214,1
7215,4
7216,1
7217,1
7218,1
7219,1
7220,1
7221,1
7222,1
7223,1
7224,1
7225,1
7226,1
7227,1
7228,1
7229,1
7230,1
7231,1
7232,1
7233,1
7234,1
7235,1
7236,1
7237,1
7238,1
7239,1
7240,1
7241,1
7242,1
7243,1
7244,1
7245,1
7246,1
7247,1
7248,1
7249,1
7250,1
7251,1
7252,1
7253,1
7254,1
7255,1
7256,1
7257,1
7258,1
7259,1
7260,1
7261,1
7262,1
7263,1
7264,4
7265,4
7266,4
7267,4
7268,4
7269,4
7270,4
7271,4
7272,4
7273,4
7274,4
7275,4
7276,4
7277,4
7278,4
7279,4
7280,4
7281,4
7282,4
7283,4
7284,4
7285,4
7286,4
7287,4
7288,4
7289,4
7290,4
7291,4
7292,4
7293,4
7294,4
7295,4
7296,4
7297,4
7298,4
7299,4
7300,4
7301,4
7302,4
7303,4
7304,4
7305,4
7306,4
7307,4
7308,4
7309,4
7310,4
7311,4
7312,4
7313,4
7314,4
7315,4
7316,4
7317,4
7318,4
7319,4
7320,4
7321,4
7322,4
7323,4
7324,4
7325,4
7326,4
7327,4
7328,4
7329,4
7330,4
7331,4
7332,4
7333,4
7334,4
7335,4
7336,4
7337,4
7338,4
7339,4
7340,4
7341,4
7342,4
7343,4
7344,4
7345,4
7346,4
7347,4
7348,4
7349,4
7350,4
7351,4
7352,4
7353,4
7354,4
7355,4
7356,4
7357,4
7358,4
7359,4
7360,4
7361,4
7362,4
7363,4
7364,4
7365,4
7366,4
7367,4
7368,4
7369,4
7370,4
7371,4
7372,4
7373,4
7374,4
7375,4
7376,4
7377,4
7378,4
7379,4
7380,4
7381,4
7382,4
7383,4
7384,4
7385,4
7386,4
7387,4
7388,4
7389,4
7390,4
7391,4
7392,4
7393,4
7394,4
7395,4
7396,4
7397,4
7398,4
7399,4
7400,4
7401,4
7402,4
7403,4
7404,4
7405,4
7406,4
7407,4
7408,4
7409,4
7410,4
7411,4
7412,4
7413,4
7414,4
7415,4
7416,4
7417,4
7418,4
7419,4
7420,4
7421,4
7422,4
7423,4
7424,4
7425,1
7426,4
7427,4
7428,4
7429,4
7430,4
7431,4
7432,4
7433,4
7434,4
7435,4
7436,4
7437,4
7438,4
7439,4
7440,4
7441,4
7442,4
7443,4
7444,4
7445,4
7446,4
7447,4
7448,4
7449,4
7450,4
7451,4
7452,4
7453,4
7454,4
7455,4
7456,4
7457,4
7458,4
7459,4
7460,4
7461,4
7462,4
7463,4
7464,4
7465,4
7466,4
7467,4
7468,4
7469,4
7470,4
7471,4
7472,4
7473,4
7474,4
7475,4
7476,4
7477,4
7478,4
7479,4
7480,4
7481,4
7482,4
7483,4
7484,4
7485,4
7486,4
7487,4
7488,1
7489,1
7490,1
7491,1
7492,1
7493,1
7494,1
7495,1
7496,1
7497,1
7498,1
7499,1
7500,1
7501,1
7502,1
7503,1
7504,4
7505,4
7506,4
7507,4
7508,4
7509,4
7510,4
7511,4
7512,4
7513,4
7514,4
7515,4
7516,4
7517,4
7518,4
7519,4
7520,4
7521,4
7522,4
7523,4
7524,4
7525,4
7526,4
7527,4
7528,4
7529,4
7530,4
7531,4
7532,4
7533,4
7534,4
7535,4
7536,1
7537,1
7538,1
7539,1
7540,1
7541,1
7542,1
7543,1
7544,1
7545,1
7546,1
7547,1
7548,1
7549,1
7550,1
7551,1
7552,4
7553,4
7554,4
7555,4
7556,4
7557,4
7558,4
7559,4
7560,4
7561,4
7562,4
7563,4
7564,4
7565,4
7566,4
7567,4
7568,4
7569,4
7570,4
7571,4
7572,4
7573,4
7574,4
7575,4
7576,4
7577,4
7578,4
7579,4
7580,4
7581,4
7582,4
7583,4
7584,4
7585,4
7586,4
7587,4
7588,4
7589,4
7590,4
7591,4
7592,4
7593,4
7594,4
7595,4
7596,4
7597,4
7598,4
7599,4
7600,4
7601,4
7602,4
7603,4
7604,4
7605,4
7606,4
7607,4
7608,4
7609,4
7610,4
7611,4
7612,4
7613,4
7614,4
7615,4
7616,4
7617,4
7618,4
7619,4
7620,4
7621,4
7622,4
7623,4
7624,4
7625,4
7626,4
7627,4
7628,4
7629,4
7630,4
7631,4
7632,4
7633,4
7634,4
7635,4
7636,4
7637,4
7638,4
7639,4
7640,4
7641,4
7642,4
7643,4
7644,4
7645,4
7646,4
7647,4
7648,4
7649,4
7650,4
7651,4
7652,4
7653,4
7654,4
7655,4
7656,4
7657,4
7658,4
7659,4
7660,4
7661,4
7662,4
7663,4
7664,4
7665,4
7666,4
7667,4
7668,4
7669,4
7670,4
7671,4
7672,4
7673,4
7674,4
7675,4
7676,4
7677,4
7678,4
7679,4
7680,4
7681,4
7682,4
7683,4
7684,4
7685,4
7686,4
7687,4
7688,4
7689,4
7690,4
7691,4
7692,4
7693,4
7694,4
7695,4
7696,4
7697,4
7698,4
7699,4
7700,4
7701,4
7702,4
7703,4
7704,4
7705,4
7706,4
7707,4
7708,4
7709,4
7710,4
7711,4
7712,1
7713,1
7714,1
7715,1
7716,1
7717,1
7718,1
7719,1
7720,1
7721,1
7722,1
7723,1
7724,1
7725,1
7726,1
7727,1
7728,4
7729,4
7730,4
7731,4
7732,4
7733,4
7734,4
7735,4
7736,4
7737,4
7738,4
7739,4
7740,4
7741,4
7742,4
7743,4
7744,4
7745,4
7746,4
7747,4
7748,4
7749,4
7750,4
7751,4
7752,4
7753,4
7754,4
7755,4
7756,4
7757,4
7758,4
7759,4
7760,4
7761,4
7762,4
7763,4
7764,4
7765,4
7766,4
7767,4
7768,4
7769,4
7770,4
7771,4
7772,4
7773,4
7774,4
7775,4
7776,4
7777,4
7778,4
7779,4
7780,4
7781,4
7782,4
7783,4
7784,4
7785,4
7786,4
7787,4
7788,4
7789,4
7790,4
7791,4
7792,4
7793,4
7794,4
7795,4
7796,4
7797,4
7798,4
7799,4
7800,4
7801,4
7802,4
7803,4
7804,4
7805,4
7806,4
7807,4
7808,4
7809,4
7810,4
7811,4
7812,4
7813,4
7814,4
7815,4
7816,4
7817,4
7818,4
7819,4
7820,4
7821,4
7822,4
7823,4
7824,4
7825,4
7826,4
7827,4
7828,4
7829,4
7830,4
7831,4
7832,4
7833,4
7834,4
7835,4
7836,4
7837,4
7838,4
7839,4
7840,4
7841,4
7842,4
7843,4
7844,4
7845,4
7846,4
7847,4
7848,4
7849,4
7850,4
7851,4
7852,4
7853,4
7854,4
7855,4
7856,4
7857,4
7858,4
7859,4
7860,4
7861,4
7862,4
7863,4
7864,4
7865,4
7866,4
7867,4
7868,4
7869,4
7870,4
7871,4
7872,4
7873,4
7874,4
7875,4
7876,4
7877,4
7878,4
7879,4
7880,4
7881,4
7882,4
7883,4
7884,4
7885,4
7886,4
7887,4
7888,4
7889,4
7890,4
7891,4
7892,4
7893,4
7894,4
7895,4
7896,4
7897,4
7898,4
7899,4
7900,4
7901,4
7902,4
7903,4
7904,4
7905,4
7906,4
7907,4
7908,4
7909,4
7910,4
7911,4
7912,4
7913,4
7914,4
7915,4
7916,4
7917,4
7918,4
7919,4
7920,4
7921,4
7922,4
7923,4
7924,4
7925,4
7926,4
7927,4
7928,4
7929,4
7930,4
7931,4
7932,4
7933,4
7934,4
7935,4
7936,4
7937,4
7938,4
7939,4
7940,4
7941,4
7942,4
7943,4
7944,4
7945,4
7946,4
7947,4
7948,4
7949,4
7950,4
7951,4
7952,4
7953,4
7954,4
7955,4
7956,4
7957,4
7958,4
7959,4
7960,4
7961,4
7962,4
7963,4
7964,4
7965,4
7966,4
7967,4
7968,4
7969,4
7970,4
7971,4
7972,4
7973,4
7974,4
7975,4
7976,4
7977,4
7978,4
7979,4
7980,4
7981,4
7982,4
7983,4
7984,4
7985,4
7986,4
7987,4
7988,4
7989,4
7990,4
7991,4
7992,4
7993,4
7994,4
7995,4
7996,4
7997,4
7998,4
7999,4
8000,4
8001,4
8002,4
8003,4
8004,4
8005,4
8006,4
8007,4
8008,4
8009,4
8010,4
8011,4
8012,4
8013,4
8014,4
8015,4
8016,4
8017,4
8018,4
8019,4
8020,4
8021,4
8022,4
8023,4
8024,4
8025,4
8026,4
8027,4
8028,4
8029,4
8030,4
8031,4
8032,4
8033,4
8034,4
8035,4
8036,4
8037,4
8038,4
8039,4
8040,4
8041,4
8042,4
8043,4
8044,4
8045,4
8046,4
8047,4
8048,4
8049,4
8050,4
8051,4
8052,4
8053,4
8054,4
8055,4
8056,4
8057,4
8058,4
8059,4
8060,4
8061,4
8062,4
8063,4
8064,4
8065,4
8066,4
8067,4
8068,4
8069,4
8070,4
8071,4
8072,4
8073,4
8074,4
8075,4
8076,4
8077,4
8078,4
8079,4
8080,4
8081,4
8082,4
8083,4
8084,4
8085,4
8086,4
8087,4
8088,4
8089,4
8090,4
8091,4
8092,4
8093,4
8094,4
8095,4
8096,4
8097,4
8098,4
8099,4
8100,4
8101,4
8102,4
8103,4
8104,4
8105,4
8106,4
8107,4
8108,4
8109,4
8110,4
8111,4
8112,4
8113,4
8114,4
8115,4
8116,4
8117,4
8118,4
8119,4
8120,4
8121,4
8122,4
8123,4
8124,4
8125,4
8126,4
8127,4
8128,4
8129,4
8130,4
8131,4
8132,4
8133,4
8134,4
8135,4
8136,4
8137,4
8138,4
8139,4
8140,4
8141,4
8142,4
8143,4
8144,4
8145,4
8146,4
8147,4
8148,4
8149,4
8150,4
8151,4
8152,4
8153,4
8154,4
8155,4
8156,4
8157,4
8158,4
8159,4
8160,4
8161,4
8162,4
8163,4
8164,4
8165,4
8166,4
8167,4
8168,4
8169,4
8170,4
8171,4
8172,4
8173,4
8174,4
8175,4
8176,4
8177,4
8178,4
8179,4
8180,4
8181,4
8182,4
8183,4
8184,4
8185,4
8186,4
8187,4
8188,4
8189,4
8190,4
8191,4
8192,4
8193,4
8194,4
8195,4
8196,4
8197,4
8198,4
8199,4
8200,4
8201,4
8202,4
8203,4
8204,4
8205,4
8206,4
8207,4
8208,4
8209,4
8210,4
8211,4
8212,4
8213,4
8214,4
8215,4
8216,4
8217,4
8218,4
8219,4
8220,4
8221,4
8222,4
8223,4
8224,4
8225,4
8226,4
8227,4
8228,4
8229,4
8230,4
8231,4
8232,4
8233,4
8234,4
8235,4
8236,4
8237,4
8238,4
8239,4
8240,4
8241,4
8242,4
8243,4
8244,4
8245,4
8246,4
8247,4
8248,4
8249,4
8250,4
8251,4
8252,4
8253,4
8254,4
8255,4
